1 1 2.22457 4e-07
1 2 8.4818 9e-07
1 3 6.8818 0.1
2 2 28.2957 8e-07
3 1 4.61504 0.212132
1 4 6.6818 0.0894425
2 3 27.5607 0.02
1 5 5.76984 0.254127
2 4 29.2711 5.34e-05
3 3 31.994 1.8e-06
2 5 28.8614 0.0075593
3 4 39.2451 4.2e-06
4 3 37.6008 7.07e-05
5 2 24.9109 0.0251503
2 6 31.3962 8.88e-05
3 5 41.2777 4.72e-05
4 4 56.4995 3.52e-05
5 3 37.7372 0.001
6 2 24.8122 0.0182432
2 7 30.1413 0.0468162
3 6 45.3399 0.0001863
4 5 58.164 7.65e-05
5 4 56.3136 0.0009027
6 3 39.0368 0.0021366
2 8 29.9513 0.092848
3 7 45.3135 0.012721
4 6 64.9763 8.1e-05
5 5 64.7508 1.5e-05
6 4 60.3204 7e-05
7 3 36.4367 0.4
3 8 45.7092 0.0006149
4 7 65.4779 0.0002376
5 6 76.2051 1.21e-05
6 5 73.441 5.94e-05
7 4 58.9424 0.0050006
8 3 34.7868 0.060038
3 9 45.4992 0.030006
4 8 68.6487 0.001908
5 7 79.5747 0.0013212
6 6 92.1617 2.4e-06
7 5 74.0413 0.0009996
8 4 58.5837 0.012
3 10 45.5992 0.0700024
4 9 68.1387 0.0101803
5 8 84.4535 0.0009997
6 7 97.108 2.6e-06
7 6 94.1052 0.0002691
4 10 69.9146 0.132245
5 9 85.423 0.0212128
6 8 105.284 5.6e-06
7 7 104.659 2.8e-06
8 6 98.7319 2.52e-05
9 5 73.9929 0.0411194
4 11 68.1146 0.165798
5 10 88.2007 0.0210285
6 9 106.503 0.0007995
7 8 115.492 3e-06
8 7 111.955 0.0004905
9 6 97.4619 0.0139995
10 5 73.0309 0.066684
4 12 68.5646 0.165797
5 11 88.1177 0.0245664
6 10 110.753 0.0035776
7 9 117.981 0.0023008
8 8 127.619 3.2e-06
9 7 111.425 0.0053648
10 6 97.3308 0.02048
5 12 89.5844 0.204104
6 11 111.486 0.0173655
7 10 123.866 0.0150008
8 9 131.762 3.4e-06
9 8 128.22 0.0002482
10 7 112.888 0.0003536
11 6 93.887 0.0596156
5 13 89.5794 0.204165
6 12 115.67 0.0300006
7 11 126.694 0.0185688
8 10 139.808 3.6e-06
9 9 137.369 0.0004626
10 8 132.143 0.0003636
11 7 111.64 0.0938808
5 14 89.6731 0.525363
6 13 116.247 0.0983896
7 12 132.022 0.0164046
8 11 143.763 0.0026372
9 10 147.801 3.8e-06
10 9 143.78 0.0001596
11 8 131.82 0.0105355
12 7 112.128 0.0600001
5 15 88.1131 0.546356
6 14 119.229 0.230624
7 13 134.183 0.078894
8 12 151.371 0.000884
9 11 154.403 3e-05
10 10 160.645 4e-06
11 9 145.97 0.001108
12 8 134.561 0.001862
7 14 138.789 0.134047
8 13 155.177 0.0119994
9 12 162.504 0.0017997
10 11 167.406 3.78e-05
11 10 163.077 4.2e-05
6 16 119.264 0.231491
7 15 140.328 0.207779
8 14 162.027 0.0569206
9 13 167.734 0.0123992
10 12 177.77 1.76e-05
11 11 174.145 0.000132
7 16 143.443 0.420569
8 15 164.76 0.121711
9 14 175.314 0.0333201
10 13 182.971 0.0001035
11 12 186.564 4.6e-06
12 11 181.726 3.22e-05
8 16 168.952 0.164875
9 15 179.126 0.0976704
10 14 191.84 0.0005136
11 13 193.524 1.68e-05
12 12 198.257 1.44e-05
13 11 183.59 0.000228
8 17 168.195 0.165085
9 16 183.408 0.0964425
10 15 195.995 0.029045
11 14 202.535 0.0012
12 13 205.588 4.75e-05
13 12 200.528 6.5e-05
8 18 168.934 0.164949
9 17 184.138 0.107026
10 16 201.55 0.0184288
11 15 208.109 0.0035022
12 14 216.681 2.86e-05
13 13 211.894 6.76e-05
9 18 185.751 0.120199
10 17 203.051 0.0907713
11 16 214.838 0.003726
12 15 223.124 4.86e-05
13 14 224.952 4.86e-05
14 13 219.357 0.000108
9 19 185.552 0.120347
10 18 206.874 0.126067
11 17 218.379 0.0102452
12 16 231.629 0.0002604
13 15 232.677 5.04e-05
14 14 236.537 5.6e-06
15 13 221.41 0.001148
9 20 186.877 0.525364
10 19 207.845 0.149504
11 18 222.782 0.007337
12 17 235.292 0.0003451
13 16 242.105 0.0003451
14 15 245.01 5.8e-06
15 14 239.286 0.0003596
10 20 211.036 0.253251
11 19 225.059 0.004728
12 18 241.633 0.001296
13 17 247.833 0.001935
14 16 255.62 2.4e-05
15 15 250.605 6.6e-05
16 14 243.681 0.000207
10 21 211.206 0.266194
11 20 229.359 0.0139717
12 19 243.945 0.0030752
13 18 254.991 0.0022351
14 17 262.207 4.34e-05
15 16 262.916 6.2e-06
16 15 256.736 0.0002294
11 21 231.036 0.0372608
12 20 249.723 0.0032608
13 19 259.211 0.0071712
14 18 271.407 0.0002976
15 17 270.852 4.16e-05
16 16 271.78 6.4e-06
17 15 258.317 0.0005632
11 22 233.968 0.449912
12 21 252.002 0.0026631
13 20 264.68 0.0069861
14 19 275.915 0.0006996
15 18 280.956 0.001089
16 17 280.422 6.6e-06
17 16 274.057 0.0003894
11 23 234.139 0.599417
12 22 256.713 0.0068918
13 21 267.252 0.0021046
14 20 283.464 0.0008024
15 19 287.238 0.0008092
16 18 291.839 4.42e-05
17 17 285.565 4.76e-05
12 23 257.468 0.269668
13 22 272.549 0.0073605
14 21 285.935 0.0358575
15 20 295.619 0.0018655
16 19 298.825 4.2e-05
17 18 298.21 3.5e-05
18 17 291.461 0.000679
12 24 260.799 0.690239
13 23 274.447 0.149504
14 22 292.051 0.0717984
15 21 299.083 0.0131148
16 20 308.714 0.0001872
17 19 306.79 3.6e-05
18 18 306.717 2.88e-05
19 17 293.12 0.000324
12 25 261.039 0.698948
13 24 278.659 0.180246
14 23 294.257 0.113808
15 22 305.9 0.0379472
16 21 313.018 0.0001998
17 20 317.1 5.18e-05
18 19 315.504 0.0002072
19 18 308.574 9.25e-05
14 24 299.928 0.104793
15 23 309.596 0.07258
16 22 321.054 0.0071706
17 21 323.208 9.88e-05
18 20 327.343 0.0001938
19 19 320.646 0.0001938
14 25 301.508 0.135533
15 24 315.821 0.112644
16 23 325.427 0.0500019
17 22 331.282 0.0017316
18 21 333.941 0.0049998
19 20 333.724 1.17e-05
20 19 326.417 0.0005967
14 26 306.233 0.121992
15 25 319.257 0.083608
16 24 333.173 0.003984
17 23 337.111 0.032064
18 22 343.81 8e-06
19 21 341.524 5.6e-05
20 20 342.052 2.4e-05
21 19 326.947 0.002828
15 26 324.169 0.120163
16 25 337.415 0.0041
17 24 344.931 0.0687242
18 23 349.909 0.0003485
19 22 351.619 1.23e-05
20 21 350.415 0.0001394
21 20 343.137 7.79e-05
15 27 326.168 0.0950082
16 26 344.116 0.002793
17 25 350.527 0.0596148
18 24 359.336 0.005775
19 23 359.153 0.000105
20 22 361.896 0.000147
21 21 354.687 0.0001554
16 27 346.745 0.0049708
17 26 357.926 0.0618598
18 25 364.994 0.0053105
19 24 368.777 0.0004085
20 23 369.829 0.0002279
21 22 366.826 0.0018619
22 21 359.171 0.005719
16 28 351.825 0.0052184
17 27 362.317 0.0855668
18 26 373.729 0.001584
19 25 376.055 0.000418
20 24 380.96 0.0003256
21 23 376.525 0.0017556
22 22 375.475 0.0006996
23 21 360.952 0.0072644
17 28 368.172 0.136165
18 27 378.898 0.000513
19 26 384.96 0.000522
20 25 388.375 0.0003645
21 24 387.852 0.0006615
22 23 385.008 0.000837
23 22 377.102 0.000864
17 29 371.716 0.0972486
18 28 386.97 0.0023276
19 27 391.83 0.0007268
20 26 398.773 0.0022356
21 25 396.613 0.0006716
22 24 398.197 9.2e-05
23 23 390.363 0.0001334
24 22 381.976 0.011454
18 29 390.637 0.0012126
19 28 400.199 0.0013959
20 27 406.05 0.0022231
21 26 407.26 0.0019317
22 25 407.078 7.99e-05
23 24 403.365 0.0001128
24 23 395.139 0.0051982
18 30 395.696 0.0167664
19 29 404.843 0.0007728
20 28 416.001 1.92e-05
21 27 415.498 0.0049488
22 26 418.705 7.68e-05
23 25 413.907 0.0009696
24 24 411.468 0.0073104
25 23 397.161 0.0067008
19 30 410.241 0.0008036
20 29 421.148 0.0001764
21 28 425.628 0.0022687
22 27 426.847 7.84e-05
23 26 425.463 0.0008232
24 25 422.051 0.0022001
25 24 413.556 0.0022148
19 31 414.429 0.00773
20 30 427.508 0.001585
21 29 431.674 0.002515
22 28 437.786 8.5e-05
23 27 434.795 9.5e-05
24 26 435.051 9.5e-05
25 25 426.634 0.000115
26 24 417.701 0.008385
19 32 419.288 0.0130407
20 31 432.323 0.0005202
21 30 438.458 0.0025143
22 29 444.159 0.0004845
23 28 445.846 9.69e-05
24 27 444.312 0.0001683
25 26 440.322 0.000306
26 25 431.485 0.0013974
19 33 421.982 0.0335348
20 32 438.328 0.0006708
21 31 443.803 0.0030732
22 30 451.975 0.0027456
23 29 453.158 0.0001612
24 28 456.352 0.0001144
25 27 450.861 0.00013
26 26 447.7 0.000182
27 25 432.929 0.0052832
19 34 425.211 0.111777
20 33 441.521 0.043778
21 32 450.12 0.0176967
22 31 457.45 0.0028885
23 30 461.638 0.0031005
24 29 464.291 0.0001166
25 28 462.912 0.0003445
26 27 458.386 0.0016695
27 26 449.316 0.0017278
20 34 445.365 0.048438
21 33 453.86 0.0139752
22 32 464.383 0.0158328
23 31 467.755 0.011178
24 30 474.01 0.000135
25 29 471.851 0.0010044
26 28 471.765 0.0003456
27 27 462.738 0.0003564
20 35 446.926 0.160215
21 34 458.335 0.0624085
22 33 468.543 0.028875
23 32 475.054 0.027016
24 31 480.256 0.000231
25 30 482.076 0.0002585
26 29 481.063 0.000308
27 28 476.829 0.000407
28 27 467.353 0.000704
20 36 449.857 0.249642
21 35 461.08 0.259666
22 34 474.205 0.100201
23 33 480.183 0.175885
24 32 488.503 0.0005768
25 31 489.347 0.0002912
26 30 492.26 0.0002688
27 29 486.911 0.000476
28 28 483.996 0.0003976
21 36 465.015 0.179778
22 35 477.255 0.205878
23 34 486.506 0.0847647
24 33 493.814 0.0018639
25 32 497.993 0.0015048
26 31 499.906 0.0002679
27 30 498.287 0.000513
28 29 494.243 0.0005643
21 37 467.187 0.190025
22 36 481.842 0.183338
23 35 490.573 0.095816
24 34 501.352 0.0029812
25 33 504.405 0.0027028
26 32 509.951 0.000319
27 31 506.86 0.0011542
28 30 506.46 0.000348
29 29 497.116 0.0005626
23 36 495.824 0.137399
24 35 505.547 0.0006726
25 34 512.174 0.0023305
26 33 516.532 0.0003304
27 32 517.314 0.0003953
28 31 515.459 0.000354
29 30 509.878 0.000531
22 38 489.167 0.240324
23 37 499.373 0.181944
24 36 512.411 0.001116
25 35 517.688 0.002328
26 34 525.351 0.003408
27 33 524.806 0.000402
28 32 526.847 0.000354
29 31 519.936 0.001614
23 38 504.534 0.234917
24 37 516.071 0.0018605
25 36 524.534 0.0023302
26 35 530.93 0.0026108
27 34 534.125 0.0008418
28 33 534.667 0.0003538
29 32 531.646 0.0009516
30 31 525.229 0.0158966
23 39 507.641 0.264287
24 38 522.498 0.0034472
25 37 529.387 0.006541
26 36 538.959 0.0027962
27 35 540.723 0.0185752
28 34 545.262 0.0004278
29 33 540.521 0.0006386
30 32 538.119 0.0006138
23 40 512.239 0.339998
24 39 525.895 0.0726579
25 38 535.821 0.0037233
26 37 543.788 0.0043029
27 36 549.221 0.0185724
28 35 552.1 0.0004284
29 34 551.385 0.0004284
30 33 547.236 0.0015624
31 32 540.787 0.0013041
24 40 531.428 0.299942
25 39 539.995 0.0035392
26 38 551.193 0.0050176
27 37 555.233 0.0200064
28 36 561.758 0.0004608
29 35 559.301 0.0004288
30 34 559.098 0.0006464
31 33 551.144 0.0014272
25 40 546.044 0.0037245
26 39 555.513 0.005109
27 38 562.698 0.00208
28 37 567.856 0.000481
29 36 569.211 0.0006435
30 35 567.077 0.0006435
31 34 563.04 0.000793
32 33 556.079 0.0021645
25 41 549.899 0.0111804
26 40 562.434 0.0040986
27 39 567.992 0.0139722
28 38 576.808 0.0013992
29 37 576.277 0.0006468
30 36 578.136 0.0007458
31 35 572.178 0.0010956
32 34 569.279 0.0024024
26 41 566.146 0.003819
27 40 574.977 0.0064454
28 39 582.615 0.0028877
29 38 585.41 0.0008911
30 37 585.188 0.0007571
31 36 583.405 0.0011792
32 35 578.417 0.0043215
33 34 571.548 0.0004422
27 41 579.369 0.0038556
28 40 590.408 0.0029784
29 39 591.729 0.0015844
30 38 595.386 0.000782
31 37 591.683 0.001428
32 36 590.793 0.0018768
33 35 581.927 0.0018428
27 42 586.183 0.085698
28 41 594.994 0.003726
29 40 599.969 0.0014007
30 39 601.868 0.0007935
31 38 601.996 0.0012006
32 37 598.987 0.0013179
33 36 594.216 0.0320022
34 35 586.756 0.0014904
27 43 590.394 0.01099
28 42 602.3 0.002142
29 41 605.281 0.001085
30 40 611.087 0.001918
31 39 609.65 0.001204
32 38 610.519 0.000819
33 37 603.509 0.0014
34 36 600.322 0.001582
27 44 596.31 0.465029
28 43 606.564 0.0022365
29 42 613.087 0.001491
30 41 616.922 0.0026554
31 40 618.95 0.0008094
32 39 617.935 0.0008165
33 38 615.139 0.0041606
34 37 609.61 0.0027974
35 36 602.184 0.0054031
28 44 613.455 0.0022392
29 43 618.23 0.0013968
30 42 625.81 0.0021456
31 41 625.47 0.0008208
32 40 628.686 7.92e-05
33 39 623.547 0.0040824
34 38 622.403 0.0019584
35 37 612.815 0.0010224
28 45 617.409 0.0024236
29 44 625.506 0.0019418
30 43 631.329 0.0018615
31 42 634.653 0.001679
32 41 635.469 5.84e-05
33 40 634.342 0.0038544
34 39 630.834 0.0074241
35 38 625.47 0.0067379
36 37 617.593 0.0065773
29 45 630.596 0.0061494
30 44 639.564 0.002516
31 43 641.074 0.002997
32 42 645.665 2.22e-05
33 41 642.32 0.0016946
34 40 642.891 2.22e-05
35 39 635.184 0.0058386
36 38 631.445 0.0020128
29 46 637.131 0.00072
30 45 644.437 0.0019575
31 44 649.557 0.0006675
32 43 652.171 5.25e-05
33 42 652.566 0.000885
34 41 650.919 7.5e-05
35 40 647.074 0.0042825
36 39 641.508 0.0081075
37 38 633.621 0.0011775
29 47 641.714 0.000912
30 46 652.253 0.0014592
31 45 655.464 0.0019532
32 44 661.598 2.28e-05
33 43 659.894 0.0008892
34 42 662.072 2.28e-05
35 41 656.327 0.0093252
36 40 654.269 0.0040128
37 39 644.952 0.0009348
29 48 647.666 0.0012089
30 47 656.81 0.0019712
31 46 663.231 0.0024255
32 45 667.669 5.39e-05
33 44 669.59 0.001694
34 43 669.491 6.16e-05
35 42 667.344 0.0028105
36 41 663.496 0.0019558
37 40 657.375 0.0013013
29 49 651.664 0.0133302
30 48 663.576 0.0019422
31 47 669.014 0.001053
32 46 676.39 0.0035334
33 45 676.562 0.0097812
34 44 679.989 0.0001794
35 43 675.633 0.0035802
36 42 675.577 0.0003042
37 41 667.551 0.003237
29 50 657.354 0.104983
30 49 667.596 0.0022278
31 48 675.93 0.0012087
32 47 682.126 0.0371616
33 46 685.453 0.0053246
34 45 686.952 0.0002212
35 44 686.32 0.0010033
36 43 683.912 0.0034839
37 42 679.49 0.0019434
38 41 673.385 0.0074181
30 50 673.884 0.002584
31 49 680.676 0.002888
32 48 690.206 0.002056
33 47 692.103 0.003336
34 46 696.865 0.000944
35 45 694.212 0.000992
36 44 695.434 0.000696
37 43 688.934 0.001864
38 42 686.288 0.003464
30 51 676.506 0.0050301
31 50 687.152 0.0032643
32 49 695.033 0.0020574
33 48 700.493 0.0026406
34 47 703.566 0.0009801
35 46 704.372 0.0009801
36 45 703.308 0.0010773
37 44 700.287 0.0049005
38 43 695.576 0.0031266
39 42 688.978 0.0054027
30 52 680.692 0.003075
31 51 690.526 0.0024272
32 50 702.228 0.0022386
33 49 706.136 0.003731
34 48 712.842 0.0004674
35 47 711.965 0.0009676
36 46 714.275 2.46e-05
37 45 709.089 0.0030094
38 44 708.129 0.0059942
39 43 699.401 0.0055022
31 52 694.924 0.0026145
32 51 705.861 0.0024236
33 50 713.771 0.0027971
34 49 718.66 0.0030378
35 48 721.551 0.0037931
36 47 721.746 2.49e-05
37 46 720.043 0.0023323
38 45 716.988 0.0068309
39 44 711.614 0.0186335
40 43 704.537 0.0064325
31 53 697.832 0.0298116
32 52 711.104 0.0031668
33 51 718.027 0.0031668
34 50 727.339 0.0019572
35 49 728.392 0.0257292
36 48 732.266 2.52e-05
37 47 728.803 0.0021924
38 46 728.911 0.0012432
39 45 721.374 0.0043008
40 44 718.119 0.005502
31 54 701.553 0.037264
32 53 714.15 0.0037315
33 52 723.434 0.003077
34 51 731.876 0.0026095
35 50 737.255 0.003077
36 49 739.378 0.0019975
37 48 739.283 2.55e-05
38 47 737.436 0.0028135
39 46 733.393 0.0189635
40 45 727.943 0.006426
41 44 720.265 0.004097
32 54 718.498 0.4378
33 53 727.278 0.0034486
34 52 738.037 0.0025198
35 51 742.383 0.0030788
36 50 749.235 2.58e-05
37 49 747.934 0.0001978
38 48 748.927 2.58e-05
39 47 742.905 0.0141384
40 46 740.808 0.003569
41 45 731.191 0.0054954
33 54 732.005 0.0029841
34 53 742.031 0.0022446
35 52 748.714 0.0031668
36 51 754.75 0.0002436
37 50 757.856 2.61e-05
38 49 757.356 2.61e-05
39 48 754.712 0.001131
40 47 750.258 0.0041499
41 46 744.003 0.0068034
42 45 736.231 0.0028536
34 54 747.56 0.0033616
35 53 753.61 0.003168
36 52 761.803 0.0026048
37 51 763.938 0.0001584
38 50 768.468 2.64e-05
39 49 764.063 0.001496
40 48 762.611 0.0054032
41 47 754.371 0.0578072
42 46 750.104 0.0038192
34 55 750.74 0.0037291
35 54 759.239 0.0032663
36 53 766.719 0.0021449
37 52 771.113 0.005429
38 51 774.827 9.79e-05
39 50 775.547 0.0003382
40 49 771.931 0.0027768
41 48 766.897 0.0236295
42 47 760.504 0.003916
43 46 752.101 0.0038181
34 56 755.619 0.329751
35 55 763.037 0.003357
36 54 773.213 0.001863
37 53 776.837 0.006453
38 52 782.64 0.001449
39 51 782.404 0.000351
40 50 783.897 0.000117
41 49 777.004 0.003321
42 48 773.733 0.003465
43 47 763.502 0.001026
34 57 758.47 0.433142
35 56 768.215 0.0035399
36 55 777.299 0.0022386
37 54 783.288 0.0077987
38 53 788.413 0.0054509
39 52 790.33 0.0018473
40 51 791.092 0.0001001
41 50 789.052 0.0029302
42 49 783.84 0.0062426
43 48 776.836 0.002366
35 57 771.412 0.0067068
36 56 783.166 0.0027048
37 55 788.387 0.0061272
38 54 795.699 0.0034224
39 53 796.866 0.0091264
40 52 799.726 0.0001012
41 51 796.938 0.0017848
42 50 796.511 0.0001564
43 49 787.846 0.0031004
44 48 782.439 0.002714
45 47 770.355 0.0043792
35 58 776.141 0.430813
36 57 786.604 0.002511
37 56 794.306 0.0078306
38 55 800.989 0.0075516
39 54 804.348 0.0104904
40 53 806.461 0.0004557
41 52 805.769 0.001488
42 51 804.581 0.000186
43 50 800.598 0.0010137
44 49 793.426 0.0020646
45 48 784.439 0.0026319
36 58 791.887 0.0121072
37 57 798.32 0.0020304
38 56 807.82 0.0016638
39 55 810.544 0.0063826
40 54 814.679 0.0001692
41 53 812.997 0.0014946
42 52 814.259 0.000141
43 51 809.221 0.0040702
44 50 806.864 0.0031396
45 49 796.406 0.0033746
36 59 794.77 0.0186295
37 58 803.719 0.0202445
38 57 812.163 0.005814
39 56 817.472 0.006783
40 55 821.141 0.000874
41 54 821.485 0.000513
42 53 821.629 0.0001235
43 52 819.156 0.0050825
44 51 815.81 0.0095
45 50 809.91 0.0038855
36 60 799.764 0.0192768
37 59 807.254 0.0033504
38 58 818.036 0.0084672
39 57 822.665 0.0060768
40 56 828.992 0.0001152
41 55 828.373 0.000144
42 54 830.783 0.0001248
43 53 827.027 0.0051456
44 52 826.504 0.0001728
45 51 819.329 0.0100032
46 50 815.042 0.0041952
36 61 802.177 0.130407
37 60 812.49 0.0019109
38 59 821.769 0.0033853
39 58 828.522 0.0067124
40 57 834.561 0.0001261
41 56 836.444 0.0042486
42 55 837.604 0.0001649
43 54 836.501 0.0041225
44 53 834.615 0.0027645
45 52 830.31 0.0354632
46 51 824.736 0.0048403
47 50 817.052 0.0120183
37 61 816.411 0.0160818
38 60 827.682 0.0032242
39 59 832.766 0.0079184
40 58 840.977 0.0084476
41 57 842.438 0.004998
42 56 846.247 0.0001764
43 55 843.78 0.003381
44 54 844.791 0.0064582
45 53 838.959 0.011907
46 52 836.322 0.0047432
47 51 827.285 0.0329084
37 62 821.235 0.0040293
38 61 831.85 0.0047421
39 60 839.193 0.0066132
40 59 845.383 0.0105039
41 58 849.32 0.0120087
42 57 852.172 0.0002277
43 56 852.747 0.0009108
44 55 852.263 0.0003465
45 54 849.439 0.0194535
46 53 845.255 0.0051084
47 52 839.003 0.0062667
37 63 824.451 0.01312
38 62 837.22 0.00692
39 61 843.942 0.01118
40 60 852.211 0.00814
41 59 854.847 0.00798
42 58 860.466 0.0003
43 57 859.512 0.00135
44 56 861.936 0.00034
45 55 857.517 0.01813
46 54 856.357 0.01764
47 53 848.499 0.005
48 52 843.774 0.00168
49 51 832.975 0.00224
50 50 825.163 0.24001
37 64 828.824 0.0204929
38 63 840.799 0.008484
39 62 849.746 0.0070801
40 61 857.07 0.0083325
41 60 862.018 0.0037471
42 59 865.865 0.0003131
43 58 867.907 0.0240077
44 57 868.738 0.0004141
45 56 867.41 0.0058378
46 55 864.647 0.0045854
47 54 859.767 0.0048379
48 53 853.487 0.0014948
49 52 845.413 0.0116655
50 51 836.391 0.3
37 65 831.58 0.0829056
38 64 845.705 0.067065
39 63 853.936 0.00408
40 62 863.562 0.0087618
41 61 867.496 0.0025092
42 60 873.977 0.0083028
43 59 874.206 0.0091698
44 58 877.958 0.0004182
45 57 874.852 0.0064056
46 56 875.189 0.0004182
47 55 868.751 0.0081702
48 54 865.381 0.0016626
49 53 855.634 0.0045696
39 64 859.291 0.0112064
40 63 867.861 0.0092185
41 62 874.298 0.0039346
42 61 879.442 0.0092185
43 60 882.309 0.0098056
44 59 884.19 0.0004429
45 58 884.172 0.0022969
46 57 882.815 0.0008755
47 56 879.378 0.0040994
48 55 874.445 0.0018128
40 64 873.841 0.0093184
41 63 879.152 0.0017888
42 62 886.902 0.0089128
43 61 888.275 0.0248872
44 60 893.09 0.002496
45 59 891.171 0.0022984
46 58 892.824 0.0013416
47 57 887.763 0.0042224
48 56 885.833 0.0016744
49 55 877.265 0.005772
52 52 848.362 0.317606
40 65 877.653 0.0121065
41 64 885.328 0.004032
42 63 891.961 0.009051
43 62 896.134 0.035259
44 61 899 0.002499
45 60 900.134 0.002499
46 59 899.918 0.001134
47 58 897.789 0.0045465
48 57 894.27 0.0013965
49 56 888.794 0.010248
50 55 881.709 0.003969
51 54 871.604 0.0218295
52 53 859.618 0.300017
41 65 889.686 0.0014204
42 64 898.829 0.0091266
43 63 901.695 0.0122536
44 62 907.46 0.0053954
45 61 906.717 0.0053848
46 60 909.479 0.0011024
47 59 905.732 0.003021
48 58 905.139 0.0011024
49 57 897.833 0.0122218
50 56 893.796 0.005088
51 55 882.133 0.0074518
41 66 895.279 0.008025
42 65 903.317 0.0092234
43 64 908.74 0.0086777
44 63 913.07 0.0086777
45 62 915.289 0.0120482
46 61 916.016 0.0011984
47 60 915.267 0.0023861
48 59 913.069 0.0016585
49 58 908.863 0.0096514
50 57 903.026 0.0053072
41 67 899.171 0.0082404
42 66 909.593 0.0092232
43 65 913.984 0.0087696
44 64 920.94 0.0086832
45 63 921.528 0.0139968
46 62 925.239 0.0011124
47 61 922.539 0.0023868
48 60 923.402 0.0011232
49 59 917.487 0.00864
50 58 914.655 0.0053784
51 57 904.248 0.0054972
54 54 872.088 0.379501
41 68 904.387 0.430812
42 67 913.574 0.0111834
43 66 920.416 0.0096683
44 65 926.089 0.0089489
45 64 929.567 0.0040439
46 63 931.392 0.0011118
47 62 931.723 0.0012862
48 61 930.725 0.0015369
49 60 927.928 0.0039676
50 59 923.286 0.0079461
51 58 916.125 0.0052647
52 57 906.807 0.0043818
53 56 895.982 0.0067253
54 55 883.696 0.30011
41 69 908.079 0.838343
42 68 919.522 0.024222
43 67 925.239 0.009493
44 66 933.494 0.008921
45 65 935.468 0.017809
46 64 940.188 0.000616
47 63 938.532 0.001287
48 62 940.64 0.000385
49 61 935.98 0.01155
50 60 934.57 0.013772
51 59 925.395 0.005962
52 58 919.393 0.006578
53 57 906.848 0.061941
54 56 897.521 0.100991
42 69 922.998 0.0125763
43 68 931.3 0.0105783
44 67 938.278 0.0096792
45 66 943.015 0.0068487
46 65 945.914 0.0007326
47 64 947.361 0.0014541
48 63 947.616 0.0003552
49 62 945.973 0.0034188
50 61 942.738 0.0053391
51 60 936.853 0.0088467
52 59 928.822 0.0064269
43 69 935.606 0.0055104
44 68 945.195 0.0095984
45 67 948.513 0.0440832
46 66 954.321 0.0065408
47 65 953.801 0.0024192
48 64 957.01 0.0002464
49 63 953.643 0.004256
50 62 953.525 0.0002912
51 61 945.687 0.0178304
52 60 940.873 0.0083888
53 59 929.587 0.010248
43 70 941.23 0.0033561
44 69 949.503 0.0382844
45 68 955.62 0.0071303
46 67 959.661 0.0069495
47 66 962.315 0.0166449
48 65 963.55 0.0002486
49 64 963.091 0.0001921
50 63 961.27 0.0015707
51 62 956.576 0.0171873
52 61 949.724 0.0279449
53 60 941.714 0.0080117
54 59 932.016 0.0068365
43 71 945.09 0.433143
44 70 955.928 0.0035568
45 69 960.635 0.0715578
46 68 967.633 0.006954
47 67 968.291 0.00456
48 66 972.593 0.0002736
49 65 970.365 0.0003078
50 64 971.573 4.56e-05
51 63 964.727 0.0197676
52 62 961.338 0.0244302
53 61 951.305 0.0200298
54 60 944.969 0.0111834
55 59 931.787 0.0850668
56 58 922.224 0.10268
44 71 959.884 0.025162
45 70 967.225 0.007314
46 69 972.639 0.013547
47 68 976.414 0.0182735
48 67 978.733 0.0006555
49 66 979.403 3.45e-05
50 65 979.118 3.45e-05
51 64 975.305 0.016031
52 63 969.582 0.027945
53 62 963.075 0.0288765
44 72 965.919 0.0037236
45 71 971.803 0.073834
46 70 980.116 0.007134
47 69 982.045 0.0032596
48 68 987.433 0.0001624
49 67 986.188 0.0002204
50 66 988.682 0.0001044
51 65 983.195 0.0051504
52 64 980.855 0.0242092
53 63 972.229 0.0750404
44 73 969.411 0.433146
45 72 978.035 0.008892
46 71 984.78 0.007254
47 70 989.756 0.013572
48 69 993.21 0.0010179
49 68 994.952 0.0048789
50 67 995.625 0.0004797
51 66 993.084 0.0084357
52 65 988.758 0.013455
53 64 983.318 0.0255528
54 63 976.283 0.0103779
55 62 967.808 0.0624078
45 73 982.097 0.0242372
46 72 991.816 0.0024898
47 71 995.199 0.0025134
48 70 1001.56 0.020001
49 69 1001.31 0.0077526
50 68 1004.95 0.0004956
51 67 1000.51 0.0030208
52 66 999.424 0.0183018
53 65 991.922 0.019765
54 64 988.248 0.010384
45 74 988.104 0.0093177
46 73 995.906 0.0082467
47 72 1002.36 0.0147084
48 71 1006.91 0.0376992
49 70 1009.85 0.0073066
50 69 1011.43 0.0007259
51 68 1010.06 0.0069972
52 67 1006.99 0.0072828
53 66 1002.8 0.0217056
54 65 997.035 0.0103768
55 64 989.763 0.0139349
46 74 1002.85 0.002292
47 73 1007.44 0.004476
48 72 1014.96 0.003732
49 71 1015.95 0.040008
50 70 1020.54 0.000924
51 69 1017.08 0.0072
52 68 1017.24 0.001752
53 67 1010.84 0.015096
54 66 1008.48 0.01182
55 65 999.418 0.009972
45 76 997.674 0.619447
46 75 1006.82 0.0033517
47 74 1014.26 0.0121121
48 73 1020.15 0.0019481
49 72 1024.13 0.0274186
50 71 1026.71 0.0009801
51 70 1026.33 0.0025047
52 69 1024.49 0.0258335
53 68 1021.41 0.004719
54 67 1016.86 0.0102487
55 66 1010.7 0.0142901
46 76 1013.33 0.0195566
47 75 1019.04 0.038186
48 74 1027.76 0.0022936
49 73 1029.94 0.0500566
50 72 1035.52 0.0024522
51 71 1033.14 0.002501
52 70 1034.33 0.0013542
53 69 1029.32 0.005185
54 68 1027.81 0.0111142
55 67 1019.82 0.0336842
46 77 1017.21 0.789439
47 76 1025.57 0.0326073
48 75 1032.63 0.0026937
49 74 1037.87 0.0198276
50 73 1041.47 0.0024846
51 72 1042.1 0.001353
52 71 1041.26 0.001353
53 70 1039.25 0.00369
54 69 1035.77 0.0095325
55 68 1030.79 0.0121155
47 77 1030.3 0.251509
48 76 1039.99 0.002604
49 75 1043.38 0.030566
50 74 1049.96 0.0013144
51 73 1048.56 0.001364
52 72 1050.69 0.0013516
53 71 1046.74 0.002294
54 70 1046.26 0.001364
55 69 1039.56 0.0091512
56 68 1036.12 0.0124992
47 78 1036.66 0.43315
48 77 1044.71 0.0028875
49 76 1050.99 0.001775
50 75 1055.69 0.001325
51 74 1057.27 0.0025125
52 73 1057.25 0.00135
53 72 1056.29 0.00135
54 71 1053.87 0.0014125
55 70 1049.98 0.0077375
56 69 1044.77 0.0109875
48 78 1051.69 0.0023058
49 77 1056.46 0.0041958
50 76 1063.88 0.0106848
51 75 1063.48 0.0318528
52 74 1066.37 0.0013482
53 73 1063.43 0.00378
54 72 1063.89 3.78e-05
55 71 1058.31 0.0103572
56 70 1055.84 0.0124992
57 69 1047.37 0.0905058
48 79 1056.25 0.0061976
49 78 1063.6 0.0100076
50 77 1069.41 0.0092202
51 76 1071.86 0.00508
52 75 1072.66 0.0013716
53 74 1072.58 0.0036195
54 73 1071.13 0.0040894
55 72 1068.27 0.0055753
56 71 1064.06 0.0113538
57 70 1058.36 0.0259969
48 80 1062.81 0.0064384
49 79 1068.98 0.0013184
50 78 1077.37 0.0176768
51 77 1077.86 0.0187904
52 76 1081.44 0.000704
53 75 1079.4 0.0036224
54 74 1080.74 3.84e-05
55 73 1076.03 0.005376
56 72 1074.69 0.0016128
57 71 1067.16 0.0544512
58 70 1063.29 0.0279424
48 81 1066.77 0.0053148
49 80 1075.7 0.0019737
50 79 1082.67 0.0172731
51 78 1085.93 0.0212205
52 77 1087.52 0.0007095
53 76 1088.24 0.0031476
54 75 1087.65 3.87e-05
55 74 1085.67 0.0045537
56 73 1082.45 0.0105006
57 72 1077.93 0.0213495
58 71 1072.11 0.0279414
48 82 1072.84 0.02236
49 81 1080.84 0.001794
50 80 1090.29 0.001872
51 79 1091.66 0.014209
52 78 1095.94 3.9e-05
53 77 1094.74 0.003159
54 76 1096.91 3.9e-05
55 75 1093.14 0.008359
56 74 1092.72 0.000286
57 73 1086.3 0.025948
58 72 1083.32 0.02795
59 71 1074.29 0.064272
48 83 1075 0.0192439
49 82 1087.03 0.0022008
50 81 1095.49 0.0036156
51 80 1099.42 0.0020829
52 79 1101.87 6.55e-05
53 78 1103.32 0.0006026
54 77 1103.51 3.93e-05
55 76 1102.37 0.0001834
56 75 1100.21 0.0004192
57 74 1096.52 0.0279423
58 73 1091.67 0.0328024
59 72 1085.48 0.0469897
48 84 1078.33 0.0600732
49 83 1089.49 0.0600336
50 82 1102.84 0.00198
51 81 1105.15 0.0024684
52 80 1109.92 0.0034848
53 79 1109.65 0.0040656
54 78 1112.45 3.96e-05
55 77 1109.54 0.0010428
56 76 1110.04 0.001056
57 75 1104.54 0.0363528
58 74 1102.51 0.0204072
59 73 1094.48 0.0288816
50 83 1105.24 0.0019019
51 82 1112.51 0.0031255
52 81 1115.74 0.0020615
53 80 1117.88 0.0059052
54 79 1118.88 0.002394
55 78 1118.53 3.99e-05
56 77 1117.23 0.0009975
57 76 1114.39 0.0279433
58 75 1110.53 0.016359
59 74 1105.26 0.012502
60 73 1098.88 0.0465766
50 84 1108.87 0.0031624
51 83 1115.68 0.0030686
52 82 1123.41 0.002747
53 81 1124.14 0.0048508
54 80 1127.44 4.02e-05
55 79 1125.42 4.02e-05
56 78 1126.7 0.0002546
57 77 1122.18 0.0199258
58 76 1121.01 0.0203814
59 75 1113.93 0.0203144
60 74 1110.26 0.0118188
50 85 1111.14 0.003078
51 84 1119.42 0.002646
52 83 1126.67 0.001728
53 82 1131.94 0.0020655
54 81 1133.79 0.003672
55 80 1134.18 0.0003645
56 79 1133.67 0.000243
57 78 1131.68 0.0094365
58 77 1128.87 0.01026
59 76 1124.41 0.0118125
60 75 1118.9 0.0191295
61 74 1111.97 0.0829035
51 85 1122.31 0.0058344
52 84 1131.44 0.0022848
53 83 1135.78 0.0141848
54 82 1141.88 4.08e-05
55 81 1141.01 0.0018768
56 80 1142.77 0.0002448
57 79 1139.14 0.053176
58 78 1138.83 0.0003264
59 77 1132.88 0.0114512
60 76 1129.96 0.0118184
61 75 1121.15 0.0690744
51 86 1125.93 0.0521696
52 85 1134.39 0.0020961
53 84 1140.66 0.0083844
54 83 1145.91 0.0001096
55 82 1149.29 0.0003014
56 81 1149.68 0.0002466
57 80 1148.32 0.001644
58 79 1146.31 0.0003562
59 78 1142.81 0.0081378
60 77 1138.41 0.0117272
61 76 1132.12 0.0130424
62 75 1125.26 0.0286193
52 86 1138.86 0.0037812
53 85 1144.36 0.0059616
54 84 1151.57 0.0028014
55 83 1153.7 0.0091632
56 82 1158.29 0.0002484
57 81 1155.76 0.000414
58 80 1156.03 0.0004968
59 79 1150.81 0.0100188
60 78 1148.92 0.0116058
61 77 1141.03 0.0116058
62 76 1136.83 0.0118128
52 87 1141.44 0.0035445
53 86 1148.92 0.0040032
54 85 1155.31 0.0021406
55 84 1159.59 0.0031275
56 83 1163.02 0.0002502
57 82 1164.54 0.0006116
58 81 1163.49 0.002085
59 80 1160.58 0.0036557
60 79 1156.99 0.027522
61 78 1151.69 0.0135942
62 77 1145.79 0.0108837
52 88 1145.67 0.014378
53 87 1152.13 0.01211
54 86 1160.72 0.002324
55 85 1164.01 0.008204
56 84 1169.44 0.007896
57 83 1169.7 0.000602
58 82 1172.68 0.001316
59 81 1168.51 0.006146
60 80 1167.3 0.003262
61 79 1160.47 0.02422
62 78 1156.93 0.012502
63 77 1147.68 0.051534
64 76 1141.7 0.027944
53 88 1156.52 0.0158343
54 87 1164.01 0.0028905
55 86 1169.5 0.0091932
56 85 1173.98 0.0053157
57 84 1176.39 0.0041313
58 83 1178.11 0.0013113
59 82 1177.91 0.0014946
60 81 1175.31 0.0031866
61 80 1170.86 0.0139731
62 79 1165.48 0.0085305
63 78 1158.69 0.0126336
64 77 1151.21 0.0197541
53 89 1159.47 0.0049416
54 88 1169.11 0.002698
55 87 1173.61 0.0070716
56 86 1180.16 0.0059214
57 85 1181.56 0.0062906
58 84 1185.28 0.0024424
59 83 1183.76 0.0015052
60 82 1185.14 0.0012496
61 81 1179.55 0.0236004
62 80 1176.6 0.0018602
63 79 1168.15 0.0300614
64 78 1163.02 0.0279456
54 89 1172.15 0.0046618
55 88 1178.84 0.007579
56 87 1184.32 0.0067496
57 86 1187.78 0.0073359
58 85 1190.43 0.0024453
59 84 1191.11 0.0018161
60 83 1191.26 0.0012584
61 82 1189.44 0.0029458
62 81 1185.21 0.0027456
63 80 1179.15 0.0109824
64 79 1172.36 0.2003
65 78 1163.77 0.0512369
54 90 1176.9 0.0053136
55 89 1182.51 0.0201312
56 88 1190.23 0.0071424
57 87 1192.53 0.0129312
58 86 1197.33 0.0028368
59 85 1196.86 0.0027072
60 84 1199.08 0.0012528
61 83 1195.96 0.0029088
62 82 1195.73 0.0014544
63 81 1188.6 0.0107856
64 80 1183.96 0.0279504
65 79 1173.79 0.0279504
66 78 1167.2 0.0071712
54 91 1179.59 0.0111795
55 90 1187.37 0.0090625
56 89 1194.05 0.0084825
57 88 1198.58 0.012267
58 87 1202.03 0.033901
59 86 1203.81 0.0071485
60 85 1204.83 0.001276
61 84 1203.89 0.0027985
62 83 1202.49 0.001479
63 82 1199.04 0.0030595
64 81 1193.2 0.01972
65 80 1185.89 0.110896
66 79 1176.95 0.006525
54 92 1184.12 0.0242214
55 91 1190.69 0.0028908
56 90 1199.47 0.0017666
57 89 1203.04 0.001679
58 88 1208.66 0.0146584
59 87 1208.93 0.0343538
60 86 1212.4 0.0012702
61 85 1210.14 0.0042778
62 84 1210.9 0.0030514
63 83 1206.24 0.0060152
64 82 1204.43 0.0040734
65 81 1195.32 0.0448658
66 80 1189.33 0.0067014
67 79 1177.23 0.0065846
55 92 1195.37 0.008379
56 91 1202.94 0.0197421
57 90 1208.57 0.0107163
58 89 1213.12 0.0085848
59 88 1215.77 0.0158613
60 87 1217.69 0.0012789
61 86 1217.8 0.0012936
62 85 1217.24 0.0012642
63 84 1214.74 0.0025725
64 83 1211.77 0.0018816
65 82 1206.37 0.0080997
66 81 1199.04 0.0088494
67 80 1189.82 0.004998
68 79 1179.89 0.0381906
69 78 1168.48 0.0068355
55 93 1198.44 0.0130388
56 92 1208.29 0.0014948
57 91 1212.67 0.019462
58 90 1219.58 0.0111888
59 89 1220.93 0.0150368
60 88 1225.02 0.0020572
61 87 1223.7 0.0056832
62 86 1225.39 0.0012432
63 85 1221.56 0.0099604
64 84 1220.75 0.0014652
65 83 1214.24 0.0124616
66 82 1210.78 0.0087172
67 81 1200.13 0.0838272
68 80 1192.83 0.0102416
56 93 1211.65 0.0025181
57 92 1218.25 0.200256
58 91 1223.92 0.0102512
59 90 1227.51 0.0098787
60 89 1230.06 0.0020562
61 88 1230.97 0.0021903
62 87 1231.26 0.0011622
63 86 1229.78 0.0039038
64 85 1227.68 0.0033078
65 84 1223.26 0.0036356
66 83 1218.69 0.0091784
67 82 1211.85 0.0119796
56 94 1216.78 0.005685
57 93 1222.42 0.00252
58 92 1230.17 0.0117
59 91 1232.84 0.009015
60 90 1237.44 0.001125
61 89 1236.57 0.020025
62 88 1239.24 0.00111
63 87 1236.2 0.006225
64 86 1236.39 0.00606
65 85 1230.95 0.007365
66 84 1228.37 0.00432
67 83 1220.23 0.014175
57 94 1227.49 0.435469
58 93 1234.62 0.0176972
59 92 1239.39 0.0116572
60 91 1242.77 0.0011325
61 90 1244.43 0.0046055
62 89 1244.84 0.0011174
63 88 1244.13 0.0011627
64 87 1242.89 0.0029898
65 86 1239.54 0.0040921
66 85 1235.89 0.0032465
67 84 1229.97 0.008305
68 83 1223.84 0.0164741
69 82 1215.56 0.0193733
59 93 1244.44 0.018544
60 92 1250.05 0.024472
61 91 1250.37 0.0259008
62 90 1253.1 0.0010184
63 89 1250.44 0.0011704
64 88 1251.48 0.0010032
65 87 1246.71 0.0400064
66 86 1245.32 0.0045904
67 85 1238.03 0.0125248
68 84 1234.14 0.0088312
69 83 1224.58 0.0540208
59 94 1250.32 0.0118881
60 93 1255.3 0.002754
61 92 1257.84 0.0090576
62 91 1258.97 0.0010251
63 90 1258.99 0.0011781
64 89 1257.72 0.0010098
65 88 1255.37 0.0039474
66 87 1252.42 0.0040086
67 86 1247.51 0.0050643
68 85 1242.18 0.0092871
59 95 1254.68 0.100008
60 94 1261.62 0.0010318
61 93 1263.53 0.025025
62 92 1266.93 0.001309
63 91 1265.43 0.0011858
64 90 1266.62 0.001001
65 89 1262.29 0.0453068
66 88 1261.74 0.0074382
67 87 1255.21 0.0082236
68 86 1252.39 0.0049588
69 85 1243.43 0.0144144
59 96 1260.31 0.017205
60 95 1266.4 0.0091605
61 94 1270.27 0.004712
62 93 1272.74 0.001333
63 92 1273.58 0.0012555
64 91 1273.05 0.0009765
65 90 1271.45 0.009827
66 89 1268.58 0.009641
67 88 1264.68 0.0174685
68 87 1260.06 0.006076
69 86 1253.7 0.00992
70 85 1246.79 0.0166005
59 97 1264.42 0.0010296
60 96 1272.39 0.0013104
61 95 1275.57 0.0011856
62 94 1279.98 0.0085176
63 93 1279.92 0.0035256
64 92 1281.59 0.0009828
65 91 1278.36 0.0037752
66 90 1278.02 0.0009828
67 89 1272.25 0.0384228
68 88 1270.14 0.0246324
69 87 1261.98 0.014274
70 86 1257.63 0.0093132
71 85 1247.28 0.0541164
59 98 1269.47 0.0031714
60 97 1276.75 0.0021352
61 96 1281.77 0.0070022
62 95 1285.37 0.0044274
63 94 1287.37 0.004239
64 93 1287.95 0.0009734
65 92 1287.11 0.0010205
66 91 1284.99 0.0051496
67 90 1281.61 0.0234715
68 89 1277.41 0.0265016
69 88 1271.92 0.027946
70 87 1265.85 0.0109115
60 98 1282.16 0.0013114
61 97 1286.65 0.0008848
62 96 1292.01 0.0047874
63 95 1293.25 0.0020382
64 94 1295.89 0.0009796
65 93 1293.89 0.001264
66 92 1294.04 0.0023384
67 91 1289.04 0.0271128
68 90 1287.37 0.0252168
69 89 1279.99 0.0252168
70 88 1276.51 0.007979
71 87 1266.93 0.0151206
60 99 1286.12 0.0298125
61 98 1292.17 0.0100329
62 97 1297.04 0.0059307
63 96 1300.1 0.0043248
64 95 1301.83 0.0009858
65 94 1302.02 0.0010971
66 93 1300.87 0.0014469
67 92 1298.25 0.0030528
68 91 1294.7 0.0036411
69 90 1289.93 0.0279522
70 89 1284.41 0.0175854
71 88 1277.5 0.0376671
72 87 1269.86 0.0168063
60 100 1291.19 0.046576
61 99 1296.58 0.002048
62 98 1303.14 0.001952
63 97 1305.62 0.000912
64 96 1309.28 0.00112
65 95 1308.39 0.001104
66 94 1309.45 0.000704
67 93 1305.38 0.015024
68 92 1304.28 0.02424
69 91 1297.73 0.032688
70 90 1294.81 0.005488
71 89 1286.13 0.056816
72 88 1281.02 0.009536
73 87 1270.12 0.05432
61 100 1301.85 0.0090321
62 99 1307.65 0.0068103
63 98 1311.99 0.0104006
64 97 1314.92 0.0014973
65 96 1316.09 0.0012236
66 95 1315.9 0.0006923
67 94 1314.26 0.0021574
68 93 1311.48 0.0087745
69 92 1307.4 0.0279496
70 91 1302.55 0.0151018
71 90 1296.5 0.0279496
72 89 1289.47 0.0234577
62 100 1313.43 0.0035316
63 99 1316.99 0.0013122
64 98 1321.76 0.003969
65 97 1322.58 0.0020574
66 96 1324.1 0.0006966
67 95 1321.18 0.0031104
68 94 1320.69 0.0007614
69 93 1315.05 0.0260658
70 92 1312.61 0.0150984
71 91 1304.84 0.0750384
72 90 1300.39 0.0089586
73 89 1290.22 0.0633258
62 101 1317.72 0.0073513
63 100 1322.91 0.0009128
64 99 1326.94 0.0007987
65 98 1329.37 0.0040587
66 97 1330.37 0.0007009
67 96 1329.59 0.0007009
68 95 1327.59 0.0046292
69 94 1324.37 0.0055094
70 93 1320.15 0.0151101
71 92 1314.87 0.0279382
72 91 1308.57 0.0256888
73 90 1301.05 0.0380605
74 89 1292.64 0.0584192
62 102 1323.12 0.0041
63 101 1327.64 0.0020664
64 100 1333.32 0.0010004
65 99 1334.95 0.0018696
66 98 1338.03 0.0006888
67 97 1336.26 0.001394
68 96 1336.44 0.0007052
69 95 1331.62 0.02501
70 94 1329.94 0.0151044
71 93 1322.79 0.0279456
72 92 1319.19 0.0158096
73 91 1309.87 0.0279456
74 90 1304.04 0.009676
75 89 1292.49 0.0545464
63 102 1333.21 0.005214
64 101 1338.22 0.0013035
65 100 1341.5 0.0015345
66 99 1343.74 0.000693
67 98 1344.25 0.000792
68 97 1343.09 0.000924
69 96 1340.72 0.0016665
70 95 1337.3 0.026532
71 94 1332.66 0.026532
72 93 1327.07 0.027951
73 92 1320.5 0.0135795
74 91 1312.74 0.0257565
64 102 1344.14 0.001577
65 101 1346.8 0.0014608
66 100 1350.79 0.0007968
67 99 1350.49 0.0007802
68 98 1351.56 0.000332
69 97 1347.74 0.0115536
70 96 1346.67 0.0070052
71 95 1340.31 0.0298136
72 94 1337.37 0.0279378
73 93 1328.83 0.0279378
74 92 1323.83 0.009462
75 91 1313 0.0882456
64 103 1348.62 0.0052104
65 102 1352.94 0.0019372
66 101 1356.19 0.004008
67 100 1357.77 0.0051937
68 99 1358 0.0002839
69 98 1356.47 0.0012525
70 97 1353.74 0.0039579
71 96 1349.89 0.0372577
72 95 1345.05 0.0279391
73 94 1339.15 0.0279391
76 91 1314.95 0.0808948
65 103 1357.91 0.0042
66 102 1362.9 0.140011
67 101 1363.62 0.0300048
68 100 1365.77 0.0002688
69 99 1363.31 0.00168
70 98 1362.8 0.0001008
71 97 1357.51 0.037968
72 96 1355.01 0.0279384
73 95 1347.26 0.0279384
74 94 1342.98 0.0132552
75 93 1333.1 0.030828
76 92 1326.52 0.0098952
77 91 1314.41 0.0552216
66 103 1368.01 0.300668
67 102 1370.43 0.0200434
68 101 1371.77 0.0003042
69 100 1371.35 0.0007436
70 99 1369.66 0.0001859
71 98 1366.59 0.0030082
72 97 1362.44 0.0279526
73 96 1357.23 0.0279526
74 95 1351.08 0.0154297
75 94 1343.79 0.0113737
76 93 1335.32 0.0259415
67 103 1375.94 0.050014
68 102 1379.03 0.001394
69 101 1377.94 0.000731
70 100 1378.12 5.1e-05
71 99 1373.88 0.016847
72 98 1372.05 0.027948
73 97 1365.15 0.027948
74 96 1361.52 0.013192
75 95 1352.35 0.011424
67 104 1382.3 0.600005
68 103 1384.71 0.0014022
69 102 1385.42 0.0009747
70 101 1384.74 5.13e-05
71 100 1382.48 0.0018639
72 99 1379.3 0.0288819
73 98 1374.8 0.0279414
74 97 1369.39 0.0279414
75 96 1362.77 0.0279414
76 95 1355.03 0.0182457
77 94 1346.37 0.0384579
78 93 1336.64 0.0809514
68 104 1391.55 0.003956
69 103 1391.66 0.0054868
70 102 1392.76 5.16e-05
71 101 1389.46 0.0023392
72 100 1388.34 0.024424
73 99 1382.49 0.02795
74 98 1379.47 0.02795
75 97 1371.16 0.0355696
76 96 1366.05 0.0127624
77 95 1355.41 0.0324048
78 94 1348.35 0.0103716
79 93 1335.78 0.056158
80 92 1326.74 0.15007
69 104 1398.61 0.0043942
70 103 1399.12 5.19e-05
71 102 1397.67 0.0015743
72 101 1395.42 0.0279395
73 100 1391.62 0.0279395
74 99 1387.17 0.0279395
75 98 1381.22 0.0279395
76 97 1374.32 0.0149645
77 96 1366.37 0.0105357
78 95 1357.25 0.0634391
69 105 1404.29 0.044718
70 104 1406.59 5.22e-05
71 103 1404.43 0.001566
72 102 1403.92 0.002262
73 101 1399.04 0.0279444
74 100 1396.74 0.0279444
75 99 1389.41 0.0279444
76 98 1384.95 0.0102486
77 97 1374.95 0.011223
80 94 1348.46 0.0192096
69 106 1410.81 0.0499975
70 105 1412.41 8.75e-05
71 104 1412.1 0.0012075
72 103 1410.63 0.002275
73 102 1407.78 0.0279475
74 101 1404.22 0.0279475
75 100 1399.09 0.0279475
76 99 1393.13 0.0117775
77 98 1385.63 0.01239
78 97 1377.17 0.01862
79 96 1368.08 0.03857
80 95 1357.86 0.0810775
69 107 1415.94 0.100003
70 106 1419.28 5.28e-05
71 105 1418.39 0.0012144
72 104 1418.8 0.0014784
73 103 1414.81 0.0307472
74 102 1413.3 0.0279488
75 101 1406.94 0.0279488
76 100 1403.22 0.0109472
77 99 1394.19 0.0080784
78 98 1388.46 0.0127072
79 97 1377.27 0.033176
80 96 1369.75 0.0111232
81 95 1356.6 0.0830544
70 107 1424.85 0.0002301
71 106 1425.46 0.0012213
72 105 1425.18 0.001416
73 104 1423.23 0.0033099
74 103 1420.43 0.0279483
75 102 1416.22 0.0279483
76 101 1411.12 0.0146202
77 100 1404.43 0.0197532
78 99 1396.97 0.0149919
79 98 1388.36 0.0099651
80 97 1378.81 0.0847299
81 96 1368.59 0.0216294
70 108 1431.61 0.006586
71 107 1431.49 0.0022606
74 104 1429.21 0.0152012
75 103 1423.67 0.027946
76 102 1420.78 0.0136348
77 101 1412.71 0.0188146
78 100 1407.67 0.0101282
79 99 1397.19 0.0102528
82 96 1368.97 0.0231756
71 108 1438.28 0.0051552
72 107 1438.9 0.0014141
73 106 1438.01 0.0014678
74 105 1436.17 0.0145706
75 104 1432.67 0.0246304
76 103 1428.33 0.0155014
77 102 1422.61 0.0097734
78 101 1416.01 0.0079834
79 100 1407.95 0.0116887
80 99 1399.11 0.0281209
81 98 1389.67 0.0386461
82 97 1378.56 0.0812302
71 109 1443.97 0.070722
72 108 1446.29 0.001422
73 107 1444.66 0.00207
74 106 1444.58 0.00144
75 105 1440 0.021384
76 104 1437.74 0.015714
77 103 1430.57 0.021708
78 102 1426.24 0.010044
79 101 1416.66 0.004752
80 100 1410.5 0.012636
81 99 1398.86 0.069912
82 98 1390.63 0.012402
71 110 1450.16 0.125759
72 109 1451.98 0.0014299
73 108 1452.24 0.0015747
74 107 1451.25 0.001448
75 106 1448.75 0.0125433
76 105 1445 0.02534
77 104 1440.13 0.005249
78 103 1434.27 0.0136836
79 102 1426.97 0.0199824
80 101 1418.98 0.015385
81 100 1410.34 0.0091043
82 99 1399.87 0.0850338
72 110 1458.7 0.0061698
73 109 1458.3 0.0015834
74 108 1459.33 0.0007462
75 107 1455.75 0.101975
76 106 1454.13 0.021749
77 105 1447.79 0.0209664
78 104 1444.13 0.0130858
79 103 1435.48 0.0187642
80 102 1429.97 0.0097916
81 101 1418.94 0.0119756
82 100 1411.65 0.0120848
71 112 1461.22 0.0801174
72 111 1464.01 0.0300486
73 110 1465.23 0.0015921
74 109 1465.52 0.0007503
75 108 1464.18 0.0080337
76 107 1461.26 0.049776
77 106 1457.01 0.0246684
78 105 1451.8 0.0142191
79 104 1445.44 0.0094245
80 103 1438.27 0.0070821
81 102 1430.27 0.009333
82 101 1420.48 0.0289872
72 112 1470.29 0.0397072
73 111 1470.85 0.0260176
74 110 1472.93 0.000736
75 109 1470.67 0.0042688
76 108 1469.92 0.000828
77 107 1464.49 0.0279496
78 106 1461.43 0.0147384
79 105 1453.64 0.0222824
80 104 1448.88 0.0095312
81 103 1438.64 0.0100096
72 113 1475.18 0.064269
73 112 1477.48 0.0141525
74 111 1478.69 0.00074
75 110 1478.34 0.000814
76 109 1476.54 0.0008325
77 108 1473.29 0.0279535
78 107 1468.86 0.025826
79 106 1463.25 0.0026085
80 105 1456.79 0.0136345
81 104 1449.58 0.020683
72 114 1481.36 0.0512244
73 113 1482.76 0.0600036
74 112 1485.88 0.001209
75 111 1484.52 0.0008184
76 110 1484.81 0.0007626
77 109 1480.2 0.0165168
78 108 1478.11 0.0217434
79 107 1471.17 0.0209622
80 106 1467.22 0.0116436
81 105 1457.78 0.0207576
82 104 1451.79 0.0110112
83 103 1439.48 0.0169446
84 102 1431.45 0.0182838
73 114 1489.12 0.0558943
74 113 1491.35 0.0012155
75 112 1491.88 0.0007293
76 111 1491.1 0.0007293
77 110 1488.65 0.0279378
78 109 1485 0.0240669
79 108 1480.56 0.0224961
80 107 1474.87 0.0128656
81 106 1468.41 0.008041
82 105 1460.17 0.0050864
83 104 1450.78 0.0100045
84 103 1440.8 0.0326315
74 114 1498.18 0.0030832
75 113 1497.75 0.0007332
76 112 1499.09 0.0007332
77 111 1495.51 0.0094188
78 110 1494.21 0.0053016
79 109 1487.97 0.0027072
80 108 1485.02 0.0067868
81 107 1476.37 0.0299108
82 106 1471.07 0.0101332
83 105 1459.67 0.011186
84 104 1452.24 0.0199656
75 114 1504.78 0.0081837
76 113 1505.01 0.0006615
77 112 1503.69 0.0125685
78 111 1500.93 0.0100926
79 110 1497.26 0.0200907
80 109 1492.52 0.0315441
81 108 1486.73 0.0083727
82 107 1479.17 0.0140616
83 106 1470.61 0.0208467
84 105 1461.18 0.0220563
74 116 1510.03 0.035397
75 115 1510.46 0.004864
76 114 1512.8 0.000646
77 113 1510.06 0.001368
78 112 1509.83 0.000665
79 111 1504.58 0.003439
80 110 1502.33 0.015903
81 109 1494.55 0.007258
82 108 1489.81 0.012521
83 107 1479.21 0.020976
84 106 1472.4 0.013167
74 117 1514.9 0.0419245
75 116 1517.3 0.0102567
76 115 1518.56 0.0006685
77 114 1518.09 0.0013179
78 113 1516.3 0.0041256
79 112 1513.61 0.0049278
80 111 1509.63 0.0222897
81 110 1504.53 0.0073535
82 109 1497.76 0.0066086
83 108 1489.93 0.0074872
84 107 1480.97 0.0071052
85 106 1471.26 0.0161013
75 117 1522.61 0.0707904
76 116 1526.12 0.0023232
77 115 1524.29 0.0013056
78 114 1524.96 0.0025728
79 113 1520.66 0.0158208
80 112 1519.12 0.0155328
81 111 1512.2 0.03168
82 110 1508.09 0.0057216
83 109 1498.29 0.0301056
84 108 1492.04 0.0106368
85 107 1480.27 0.0278784
75 118 1529.32 0.0391211
76 117 1531.7 0.002316
77 116 1532.06 0.0013317
78 115 1531.22 0.001351
79 114 1529.36 0.0086657
80 113 1526.24 0.0154979
81 112 1521.87 0.0067164
82 111 1515.84 0.0102869
83 110 1508.71 0.0075849
84 109 1500.37 0.0145329
85 108 1491.33 0.0216353
86 107 1481.44 0.0251093
76 118 1538.81 0.0024056
77 117 1538.13 0.0013386
78 116 1539.57 0.0005044
79 115 1536.24 0.0021146
80 114 1535.43 0.0028906
81 113 1529.4 0.013968
82 112 1525.89 0.0174406
83 111 1516.92 0.0052574
84 110 1511.12 0.0129204
85 109 1500.05 0.0234934
86 108 1492.83 0.0166646
76 119 1543.96 0.055887
77 118 1545.36 0.001326
78 117 1545.68 0.000507
79 116 1544.67 0.0011115
80 115 1542.33 0.0231465
81 114 1538.69 0.0111345
82 113 1533.49 0.0050895
83 112 1527 0.0052845
84 111 1519.31 0.006045
85 110 1510.88 0.0095745
86 109 1501.57 0.0516945
76 120 1550.8 0.0400624
77 119 1551.17 0.038416
78 118 1553.6 0.0005096
79 117 1551.31 0.0029596
80 116 1551.22 0.00294
81 115 1546.1 0.0121128
82 114 1543.17 0.0077028
83 113 1535.05 0.0244216
84 112 1529.73 0.00539
85 111 1519.39 0.0302428
86 110 1512.72 0.0140532
77 120 1558.07 0.0201137
78 119 1559.45 0.0005319
79 118 1559.38 0.0005516
80 117 1558 0.0032111
81 116 1555.03 0.0135733
82 115 1550.64 0.0048068
83 114 1544.8 0.0083331
84 113 1537.73 0.0098697
85 112 1529.91 0.0079785
86 111 1521.26 0.0161934
87 110 1511.73 0.0564405
78 120 1567 0.0020988
79 119 1565.9 0.0005346
80 118 1566.49 0.0004554
81 117 1562.28 0.0075438
82 116 1560.04 0.0087516
83 115 1552.56 0.0275616
84 114 1547.88 0.017424
85 113 1538.33 0.0049104
86 112 1532.07 0.0134244
87 111 1520.48 0.0311256
77 122 1570.35 0.0410537
78 121 1572.56 0.0021691
79 120 1573.48 0.0005373
80 119 1573.15 0.0005373
81 118 1570.88 0.0279396
82 117 1567.27 0.0068257
83 116 1562.06 0.0106067
84 115 1555.71 0.0054327
85 114 1548.52 0.0053929
86 113 1540.47 0.0073033
87 112 1531.36 0.013731
78 122 1579.84 0.02012
79 121 1579.7 0.02672
80 120 1581.18 0.00054
81 119 1577.94 0.00576
82 118 1576.36 0.01
83 117 1569.7 0.0227
84 116 1565.49 0.00758
85 115 1556.75 0.02446
86 114 1550.98 0.0058
87 113 1540.07 0.03052
78 123 1585.05 0.0501093
79 122 1586.93 0.003216
80 121 1587.41 0.0007236
81 120 1586.15 0.0141906
82 119 1583.45 0.0137484
83 118 1578.83 0.0121806
84 117 1573.14 0.0049446
85 116 1566.62 0.0081807
86 115 1559.16 0.0101304
87 114 1550.68 0.0090852
88 113 1541.55 0.020301
78 124 1592.08 0.025149
79 123 1592.95 0.0232906
80 122 1595.16 0.000707
81 121 1593.02 0.0018382
82 120 1592.19 0.0037976
83 119 1586.22 0.0139986
84 118 1582.63 0.0086658
85 117 1574.5 0.0275932
86 116 1569.4 0.0175134
87 115 1559.24 0.0060398
88 114 1552.48 0.0150086
79 124 1599.82 0.0030856
80 123 1601.16 0.001624
81 122 1600.87 0.0011774
82 121 1599.11 0.0065569
83 120 1595.07 0.0127687
84 119 1590.07 0.0046487
85 118 1584.14 0.0106169
86 117 1577.38 0.0058058
87 116 1569.54 0.0062321
88 115 1561.03 0.0096831
80 124 1608.65 0.00051
81 123 1607.52 0.0011628
82 122 1607.51 0.0011424
83 121 1602.26 0.00918
84 120 1599.17 0.0100776
85 119 1591.92 0.0226644
86 118 1587.24 0.007446
87 117 1577.88 0.024582
88 116 1571.64 0.0089148
80 125 1614.32 0.003649
81 124 1615.07 0.00123
82 123 1614.24 0.001148
83 122 1610.75 0.0048175
84 121 1606.42 0.0100655
85 120 1601.11 0.012054
86 119 1595.05 0.005084
87 118 1587.87 0.007831
88 117 1579.97 0.0227755
89 116 1570.88 0.059327
80 126 1621.05 0.0204352
81 125 1621.57 0.0012772
82 124 1622.32 0.0011536
83 123 1617.78 0.0076426
84 122 1615.16 0.004017
85 121 1608.63 0.0135342
86 120 1604.54 0.0085902
87 119 1595.87 0.02781
88 118 1590.28 0.0180044
89 117 1579.58 0.065096
80 127 1624.66 0.029808
81 126 1628.43 0.0054441
82 125 1629.06 0.0011385
83 124 1625.88 0.0024012
84 123 1622.19 0.0066654
85 122 1617.49 0.0123993
86 121 1612.12 0.0047403
87 120 1605.55 0.0175536
88 119 1598.4 0.0582912
89 118 1589.99 0.0562419
80 128 1629.51 0.0307424
81 127 1632.21 0.0018512
82 126 1636.43 0.001144
83 125 1632.77 0.0023088
84 124 1630.59 0.001664
85 123 1624.8 0.0089232
86 122 1621.21 0.0101712
87 121 1613.43 0.011648
88 120 1608.26 0.0090272
89 119 1598.44 0.06448
90 118 1591.73 0.0318656
81 128 1637.18 0.0061028
82 127 1640.37 0.0017556
83 126 1640.23 0.0013585
84 125 1637.55 0.0017765
85 124 1633.29 0.0047443
86 123 1628.56 0.0099693
87 122 1622.62 0.011495
88 121 1616.2 0.0057475
81 129 1640.85 0.011613
82 128 1645.55 0.001449
83 127 1644.83 0.001365
84 126 1645.21 0.001155
85 125 1640.45 0.007686
86 124 1637.3 0.004557
87 123 1630.26 0.013419
88 122 1625.69 0.009198
89 121 1616.58 0.062202
90 120 1610.51 0.0189
81 130 1645.76 0.0419257
82 129 1649.39 0.0022577
83 128 1649.97 0.0054438
84 127 1649.76 0.001266
85 126 1648.2 0.0027219
86 125 1644.52 0.0068153
87 124 1639.12 0.0119848
88 123 1633.37 0.0049585
89 122 1626.28 0.0537628
90 121 1618.76 0.0860669
91 120 1609.8 0.0694823
82 130 1654.52 0.0018444
83 129 1654.3 0.0018444
84 128 1655.77 0.0011448
85 127 1653.25 0.0023956
86 126 1652.5 0.0031164
87 125 1646.57 0.0087768
88 124 1642.47 0.0102608
89 123 1634.19 0.0218784
90 122 1628.6 0.0101124
91 121 1618.33 0.0875984
81 132 1654.04 0.0270084
82 131 1658.24 0.0069438
83 130 1659.49 0.0050907
84 129 1660.13 0.0030459
85 128 1659.27 0.004899
86 127 1657.6 0.0033654
87 126 1654.68 0.0047073
88 125 1650 0.0098193
89 124 1643.42 0.0116724
90 123 1636.66 0.0092229
91 122 1628.34 0.0571692
82 132 1663.29 0.0019688
83 131 1663.53 0.0112136
84 130 1666.01 0.0014552
85 129 1664.14 0.0039804
86 128 1664.3 0.0091806
87 127 1660.16 0.0085172
88 126 1658.32 0.005243
89 125 1651.2 0.0135462
90 124 1646.16 0.0106572
91 123 1636.61 0.081213
82 133 1666.84 0.052675
83 132 1668.77 0.005633
84 131 1670.16 0.0021285
85 130 1670.09 0.006622
86 129 1669.22 0.0060845
87 128 1666.95 0.0070735
88 127 1663.95 0.0072025
89 126 1659.67 0.0124055
90 125 1654 0.0063425
91 124 1646.34 0.0824525
92 123 1638.47 0.104146
83 133 1672.6 0.0111888
84 132 1675.91 0.0018144
85 131 1674.65 0.0035856
86 130 1675.87 0.0057672
87 129 1672.37 0.0041688
88 128 1671.27 0.0080136
89 127 1665.63 0.0092232
90 126 1662.69 0.0111024
91 125 1654.39 0.0246456
92 124 1648.36 0.0281016
83 134 1677.81 0.0177072
84 133 1679.88 0.0065534
85 132 1680.58 0.004991
86 131 1680.54 0.0041881
87 130 1679.1 0.0065317
88 129 1676.74 0.0070525
89 128 1673.14 0.0112189
90 127 1668.86 0.0106113
83 135 1681.4 0.0270102
84 134 1685.47 0.001962
85 133 1684.95 0.0115104
86 132 1687.05 0.0023108
87 131 1684.42 0.0042292
88 130 1684.06 0.00981
89 129 1679.07 0.0576174
90 128 1676.77 0.0105076
91 127 1669.7 0.0178542
92 126 1665.68 0.0137122
84 135 1689.22 0.0158337
85 134 1690.72 0.0032412
86 133 1691.51 0.0021024
87 132 1690.94 0.0068766
88 131 1689.38 0.0068109
89 130 1686.42 0.0514869
90 129 1682.74 0.0564582
91 128 1677.84 0.0697077
92 127 1672.35 0.0133371
93 126 1665.42 0.0919581
84 136 1694.71 0.017688
85 135 1694.81 0.01397
86 134 1697.8 0.001804
87 133 1696.14 0.004026
88 132 1696.57 0.00759
89 131 1692.32 0.006138
90 130 1690.59 0.013684
93 127 1672.46 0.030712
84 137 1698.27 0.0195585
85 136 1700.48 0.0139672
86 135 1702.01 0.0057239
87 134 1702.42 0.0048841
88 133 1701.95 0.004641
89 132 1699.6 0.0569075
90 131 1696.41 0.0080002
91 130 1692.19 0.0593827
84 138 1703.63 0.0400488
85 137 1704.38 0.0158286
86 136 1708.18 0.0019536
87 135 1707.39 0.0074592
88 134 1708.67 0.0044622
89 133 1705.58 0.0047064
90 132 1704.22 0.010212
91 131 1698.57 0.0866022
92 130 1695.58 0.0519924
85 138 1709.98 0.0139821
86 137 1712.23 0.0078273
87 136 1713.46 0.0019401
88 135 1713.82 0.0020962
89 134 1712.45 0.0069576
90 133 1710.11 0.0079388
91 132 1706.37 0.0756416
92 131 1701.88 0.0590504
85 139 1713.76 0.0223552
86 138 1718.25 0.0098112
87 137 1718.16 0.0111776
88 136 1720.3 0.0018144
89 135 1718.11 0.0040992
90 134 1717.57 0.0096096
91 133 1712.92 0.0075936
92 132 1710.26 0.0152544
86 139 1722.23 0.0111375
87 138 1724.16 0.01197
88 137 1725.21 0.0025875
89 136 1724.78 0.0047475
90 135 1723.33 0.005085
91 134 1720.5 0.0818775
92 133 1716.7 0.009945
86 140 1728.09 0.0104864
87 139 1728.53 0.0062376
88 138 1731.6 0.001921
89 137 1730.18 0.0030962
90 136 1730.51 0.0044748
91 135 1726.89 0.0112096
92 134 1724.81 0.011074
86 141 1732.02 0.0140967
87 140 1734.44 0.005902
88 139 1736.17 0.0019522
89 138 1736.71 0.0019295
90 137 1735.97 0.0020884
91 136 1734.17 0.007264
92 135 1731.17 0.0085125
86 142 1737.74 0.01767
87 141 1738.81 0.006726
88 140 1742.47 0.0020064
89 139 1741.74 0.0020976
90 138 1743.08 0.0018012
91 137 1740.14 0.004332
86 143 1741.69 0.0130301
87 142 1744.6 0.0049922
88 141 1746.92 0.0154346
89 140 1748.01 0.0121141
90 139 1748.34 0.0024045
91 138 1747.24 0.0032747
92 137 1745.15 0.0059311
93 136 1741.77 0.101172
94 135 1737.4 0.0606392
95 134 1731.83 0.106348
87 143 1748.85 0.006532
88 142 1753.04 0.010304
89 141 1752.94 0.015847
90 140 1755.13 0.001219
91 139 1753.04 0.003036
92 138 1752.81 0.004508
93 137 1748.41 0.055016
87 144 1754.33 0.0077385
88 143 1757.41 0.0113652
89 142 1759.08 0.0130515
90 141 1760.25 0.0012243
91 140 1759.86 0.0017787
92 139 1758.69 0.0026796
93 138 1756.09 0.0511434
87 145 1758.41 0.0139664
88 144 1763.2 0.0091408
89 143 1763.76 0.0130384
90 142 1766.69 0.0014152
91 141 1765.41 0.007656
87 146 1763.63 0.019572
88 145 1767.44 0.0085977
89 144 1769.68 0.013048
90 143 1771.47 0.0014213
91 142 1771.93 0.0013281
92 141 1771.72 0.0022601
93 140 1769.91 0.0509804
88 146 1772.91 0.0083772
89 145 1774.22 0.0139698
90 144 1777.66 0.0025974
91 143 1777.16 0.004095
92 142 1778.57 0.0011232
93 141 1775.98 0.0084006
89 146 1779.77 0.0139825
90 145 1782.33 0.0130425
91 144 1783.28 0.0139825
92 143 1783.87 0.001128
93 142 1782.96 0.0013865
94 141 1781.04 0.0205155
89 147 1783.98 0.0381848
90 146 1788.16 0.0139712
91 145 1788.3 0.0139712
92 144 1790.41 0.0011092
93 143 1788.69 0.0504096
90 147 1792.54 0.0158316
91 146 1794.18 0.013035
92 145 1795.54 0.0012087
93 144 1795.27 0.0011139
98 139 1778.29 0.0973359
91 147 1798.89 0.015827
92 146 1801.69 0.0014994
93 145 1800.76 0.0011424
94 144 1801.27 0.0011424
95 143 1798.23 0.058905
92 147 1806.5 0.0015057
93 146 1806.98 0.0013145
94 145 1806.92 0.0011233
95 144 1805.33 0.0019837
92 148 1812.42 0.002544
93 147 1812.04 0.01704
94 146 1813.45 0.001104
95 145 1811.28 0.013824
93 148 1818.11 0.100015
94 147 1818.69 0.0011086
95 146 1817.93 0.0011086
93 149 1823.08 0.200013
94 148 1825 0.0012584
95 147 1823.47 0.0011132
94 149 1830.04 0.0025515
95 148 1829.83 0.0013851
96 147 1829.04 0.0015066
94 150 1836.05 0.0023424
95 149 1835.2 0.0014884
96 148 1835.84 0.001098
97 147 1832.8 0.014396
94 151 1840.75 0.013622
95 150 1841.25 0.0018865
96 149 1841.36 0.0011515
97 148 1839.77 0.0017885
96 150 1847.82 0.0015252
97 149 1845.69 0.060024
98 148 1844.78 0.0015252
99 147 1840.27 0.089913
96 151 1852.98 0.0038038
97 150 1852.24 0.005187
98 149 1850.84 0.014326
96 152 1859.19 0.002356
97 151 1857.67 0.0500464
96 153 1863.9 0.0023655
97 152 1864.02 0.001245
100 149 1858 0.0062001
96 154 1869.73 0.010275
97 153 1868.99 0.0029
100 150 1865.52 0.0079
96 155 1874.15 0.0226904
97 154 1874.79 0.0107428
98 153 1875.1 0.0038905
99 152 1873.94 0.0052961
100 151 1871.71 0.0142819
98 154 1881.27 0.0023688
99 153 1879.23 0.0500472
100 152 1878.92 0.0052164
101 151 1874.49 0.0912744
98 155 1886.07 0.0042504
99 154 1885.58 0.0012397
102 151 1877.89 0.0069069
98 156 1892.1 0.0114554
99 155 1890.67 0.0029464
102 152 1885.59 0.009652
99 156 1896.64 0.010812
100 155 1896.15 0.003927
101 154 1894.33 0.005559
102 153 1891.57 0.0140505
102 154 1898.63 0.007552
103 153 1893.93 0.0828928
100 157 1907.5 0.0043433
101 156 1906.32 0.0015677
104 153 1897.1 0.0108197
105 152 1892.03 0.164634
104 154 1904.69 0.0160992
106 155 1915.68 0.0185049
107 154 1909.82 0.179803
106 156 1923.39 0.0221652
107 155 1916.72 0.0930624
108 156 1926.77 0.0288816
108 158 1941.34 0.0271054
109 157 1934.02 0.0964782
110 159 1950.29 0.0313923
110 160 1958.52 0.039285
